
525 525 518 525 517 530 536 525
529 532 532 529 529 528 532 529
506 529 513 506 502 513 512 506
518 527 528 518 518 527 528 518
585 593 604 585 563 574 577 566
435 438 441 435 432 438 441 432
508 500 499 508 508 500 499 508
664 674 674 664 659 672 672 664
264 272 268 264 264 269 268 264
328 318 320 328 323 318 320 328
230 244 244 230 230 244 244 230
245 246 243 245 246 247 243 246
214 212 214 214 214 212 214 214
224 238 237 224 224 235 237 224
301 312 308 301 301 312 308 301
308 308 308 308 308 309 308 308
281 292 292 281 281 281 282 281
142 152 152 142 142 152 152 142
154 158 151 154 154 158 151 154
153 153 153 156 151 151 153 156
135 135 135 135 135 135 135 135
176 172 176 176 176 173 174 176
259 260 260 259 259 260 260 259
266 266 264 266 266 264 264 266
245 245 245 245 243 245 245 245
240 249 249 240 240 249 249 240
242 241 241 242 239 241 241 243
73 84 84 73 73 84 84 73
78 85 85 78 78 82 81 78
82 85 85 82 82 85 82 82
83 84 84 83 81 84 84 83
73 75 76 73 73 75 76 73
235 233 234 235 235 233 234 235
224 232 234 224 224 232 235 224
257 273 271 257 257 273 271 257
232 246 246 232 232 242 240 232
219 224 221 219 219 224 219 219
66 66 63 66 65 63 62 65
69 71 70 69 69 73 71 69
79 79 79 79 79 79 79 79
68 69 69 68 68 68 67 68
65 66 65 65 65 66 65 65
