first-improvement

alpha: 0.01 iter: 100 Percentage Deviation: 2.054817374789774 %
time: 3386.930278778076


Statistic Data: 

523 
523 
497 
514 
563 
432 
493 
656 
260 
320 
229 
242 
212 
217 
298 
290 
279 
141 
146 
149 
132 
168 
256 
258 
237 
239 
238 
72 
78 
81 
83 
72 
233 
222 
250 
225 
219 
61 
69 
76 
64 
64 

alpha: 0.05 iter: 100 Percentage Deviation: 13.150635996523688 %
time: 3566.1248660087585


Statistic Data: 

523 520 
523 527 
497 505 
514 520 
563 565 
432 435 
493 509 
656 665 
260 274 
320 325 
229 245 
242 255 
212 215 
217 219 
298 316 
290 306 
279 293 
141 145 
146 155 
149 161 
132 140 
168 178 
256 284 
258 282 
237 261 
239 264 
238 260 
72 85 
78 99 
81 95 
83 95 
72 94 
233 273 
222 244 
250 267 
225 266 
219 252 
61 85 
69 82 
76 95 
64 75 
64 98 

alpha: 0.1 iter: 100 Percentage Deviation: 26.8100168745913 %
time: 3755.988627433777


Statistic Data: 

523 520 564 
523 527 554 
497 505 529 
514 520 539 
563 565 606 
432 435 445 
493 509 524 
656 665 679 
260 274 300 
320 325 347 
229 245 265 
242 255 265 
212 215 246 
217 219 242 
298 316 335 
290 306 327 
279 293 314 
141 145 155 
146 155 166 
149 161 167 
132 140 157 
168 178 175 
256 284 304 
258 282 324 
237 261 292 
239 264 278 
238 260 295 
72 85 75 
78 99 109 
81 95 117 
83 95 112 
72 94 98 
233 273 378 
222 244 326 
250 267 356 
225 266 320 
219 252 315 
61 85 116 
69 82 90 
76 95 111 
64 75 98 
64 98 110 

alpha: 0.15 iter: 100 Percentage Deviation: 42.53631721064787 %
time: 3933.5295975208282


Statistic Data: 

523 520 564 586 
523 527 554 592 
497 505 529 559 
514 520 539 557 
563 565 606 625 
432 435 445 455 
493 509 524 554 
656 665 679 704 
260 274 300 332 
320 325 347 386 
229 245 265 268 
242 255 265 308 
212 215 246 259 
217 219 242 298 
298 316 335 400 
290 306 327 350 
279 293 314 348 
141 145 155 175 
146 155 166 181 
149 161 167 191 
132 140 157 169 
168 178 175 184 
256 284 304 329 
258 282 324 390 
237 261 292 352 
239 264 278 338 
238 260 295 349 
72 85 75 105 
78 99 109 115 
81 95 117 141 
83 95 112 127 
72 94 98 122 
233 273 378 392 
222 244 326 406 
250 267 356 424 
225 266 320 318 
219 252 315 350 
61 85 116 115 
69 82 90 114 
76 95 111 136 
64 75 98 128 
64 98 110 110 

alpha: 0.2 iter: 100 Percentage Deviation: 59.59577365951569 %
time: 4090.9159440994263


Statistic Data: 

523 520 564 586 635 
523 527 554 592 632 
497 505 529 559 575 
514 520 539 557 596 
563 565 606 625 620 
432 435 445 455 493 
493 509 524 554 604 
656 665 679 704 736 
260 274 300 332 353 
320 325 347 386 432 
229 245 265 268 302 
242 255 265 308 331 
212 215 246 259 322 
217 219 242 298 317 
298 316 335 400 444 
290 306 327 350 354 
279 293 314 348 367 
141 145 155 175 188 
146 155 166 181 213 
149 161 167 191 193 
132 140 157 169 216 
168 178 175 184 206 
256 284 304 329 376 
258 282 324 390 474 
237 261 292 352 386 
239 264 278 338 399 
238 260 295 349 397 
72 85 75 105 133 
78 99 109 115 126 
81 95 117 141 168 
83 95 112 127 148 
72 94 98 122 124 
233 273 378 392 493 
222 244 326 406 398 
250 267 356 424 473 
225 266 320 318 452 
219 252 315 350 419 
61 85 116 115 131 
69 82 90 114 122 
76 95 111 136 151 
64 75 98 128 129 
64 98 110 110 126 

